Latitude: 7.302888394555147
Longitude: 5.136082425954632