Latitude: 7.306736125904128
Longitude: 5.139550397710453