Latitude: 7.2979002707415015
Longitude: 5.134779901021323