Latitude: 7.295833395564146
Longitude:  5.13477010237819