Latitude: 7.295210245315164
Longitude: 5.134680696949554