Latitude: 7.302249164978755
Longitude: 5.135711918303162